#
#
#  Percent Identity  Matrix - created by Clustal2.1 
#
#

     1: sequence_316  100.00   10.07   10.79   10.79   12.84   13.70   10.49   13.85   13.08   12.21   13.85   11.54   11.54   10.00   12.31   12.31   13.18   13.08   10.77   10.77   13.08   15.50   13.85   11.54   11.45   10.77    8.40    7.58   10.69    9.92   10.37   13.70    9.66    4.62    4.55    4.58    3.85    4.51    4.58    3.85    5.34    4.58    5.34    3.82    3.79
     2: sequence_41    10.07  100.00   74.39   72.57   69.40   10.48    8.64   21.53   22.22   20.69   19.44   18.06   20.14   20.83   22.92   16.67   18.18   18.75   18.06   20.83   17.36   18.18   18.75   18.06   17.93   20.14   13.25   12.42   13.91   11.92   12.26    6.62   11.20   14.37   12.57   13.14   13.79   13.71   11.49   13.22   11.40   12.44   11.33   11.92   13.71
     3: sequence_407   10.79   74.39  100.00   81.89   89.07    9.09    7.82   19.44   22.92   19.31   18.06   17.36   18.75   20.83   22.92   15.28   16.78   18.06   17.36   19.44   16.67   18.18   17.36   17.36   17.24   19.44   14.57   15.53   17.22   15.23   16.13    6.93    9.88   14.94   13.14   12.57   12.64   13.14   12.07   12.64   12.44   12.44   12.32   12.44   14.29
     4: sequence_141   10.79   72.57   81.89  100.00   89.07    9.09    7.82   18.75   22.22   18.62   18.06   17.36   17.36   20.14   22.22   15.28   15.38   16.67   15.97   18.75   15.28   17.48   16.67   16.67   16.55   18.06   13.91   14.91   16.56   14.57   15.48    6.56    8.77   15.52   13.71   13.14   13.22   13.71   12.64   13.22   12.95   12.94   12.81   12.95   14.86
     5: sequence_210   12.84   69.40   89.07   89.07  100.00    8.72    7.91   19.61   23.53   21.36   19.61   19.61   18.63   21.57   24.51   17.65   16.83   18.63   17.65   19.61   16.67   19.80   19.61   18.63   17.48   20.59   16.50   19.23   19.42   16.50   18.69    4.95   13.61   16.00   13.49   12.70   12.80   13.49   12.00   12.00   12.86   12.68   12.06   12.86   15.08
     6: sequence_232   13.70   10.48    9.09    9.09    8.72  100.00    9.61   17.81   18.49   18.37   17.81   15.07   17.12   20.55   18.49   15.07   18.62   17.12   19.86   17.12   19.18   18.62   19.18   19.86   19.05   18.49    8.50    7.98   10.46    9.80    9.55   10.95    9.93   15.05   14.01   14.49   14.56   12.92   16.02   14.56   15.05   15.46   15.46   13.59   14.98
     7: sequence_304   10.49    8.64    7.82    7.82    7.91    9.61  100.00   18.62   20.69   21.23   21.38   20.00   18.62   23.45   22.07   18.62   18.75   19.31   22.07   22.76   18.62   21.53   20.69   17.93   21.23   22.07   16.45   16.67   19.74   20.39   18.59    8.16    8.54   16.39   13.04   15.22   14.21   14.36   13.66   14.21   14.36   14.76   13.88   13.37   13.59
     8: sequence_390   13.85   21.53   19.44   18.75   19.61   17.81   18.62  100.00   76.03   69.18   71.23   60.96   63.70   62.33   66.44   53.42   62.76   58.90   63.70   61.64   59.59   64.14   65.07   65.07   62.33   63.70   27.59   22.60   24.83   20.69   24.66   24.83   15.07   18.38   17.52   15.22   15.33   15.00   16.79   16.06   16.79   18.84   18.12   16.06   16.06
     9: sequence_3     13.08   22.22   22.92   22.22   23.53   18.49   20.69   76.03  100.00   71.23   73.97   65.07   65.75   65.75   65.07   58.22   64.14   66.44   68.49   65.07   65.07   67.59   70.55   69.18   67.81   69.86   28.28   24.66   28.28   24.83   26.71   21.38   15.07   18.38   16.79   15.94   16.79   16.43   16.06   16.79   16.06   17.39   17.39   16.06   16.06
    10: sequence_70    12.21   20.69   19.31   18.62   21.36   18.37   21.23   69.18   71.23  100.00   79.45   65.07   66.44   69.86   70.55   63.70   73.79   69.18   72.60   71.92   69.18   71.03   75.34   71.23   72.79   75.34   26.21   21.92   24.14   21.38   22.45   23.29   20.41   18.98   18.84   18.71   20.29   17.73   20.29   19.57   19.57   20.86   19.42   18.84   18.84
    11: sequence_384   13.85   19.44   18.06   18.06   19.61   17.81   21.38   71.23   73.97   79.45  100.00   65.75   69.18   71.23   72.60   63.70   71.03   71.92   73.97   72.60   70.55   73.79   77.40   76.03   75.34   76.71   27.59   22.60   24.83   22.07   23.29   22.76   17.12   18.38   16.06   17.39   16.79   17.14   18.25   18.25   18.25   18.84   18.84   18.25   17.52
    12: sequence_10    11.54   18.06   17.36   17.36   19.61   15.07   20.00   60.96   65.07   65.07   65.75  100.00   71.92   73.97   73.97   64.38   71.72   73.97   69.18   73.97   70.55   76.55   74.66   73.97   74.66   75.34   31.03   23.29   27.59   24.83   26.03   20.00   17.12   22.79   18.98   20.29   21.17   20.00   21.17   23.36   23.36   23.19   21.01   20.44   21.17
    13: sequence_340   11.54   20.14   18.75   17.36   18.63   17.12   18.62   63.70   65.75   66.44   69.18   71.92  100.00   71.92   71.92   65.07   75.86   76.71   75.34   73.29   79.45   75.86   77.40   78.08   79.45   78.77   31.03   25.34   29.66   26.21   28.77   22.07   18.49   20.59   17.52   17.39   19.71   18.57   19.71   19.71   21.17   19.57   19.57   18.98   19.71
    14: sequence_13    10.00   20.83   20.83   20.14   21.57   20.55   23.45   62.33   65.75   69.86   71.23   73.97   71.92  100.00   85.62   68.49   73.79   78.77   76.03   80.14   74.66   77.93   78.08   76.71   80.14   80.14   29.66   26.71   28.97   26.21   28.77   21.38   19.86   22.06   19.71   21.01   21.17   20.71   21.17   21.17   21.90   21.74   22.46   20.44   21.17
    15: sequence_285   12.31   22.92   22.92   22.22   24.51   18.49   22.07   66.44   65.07   70.55   72.60   73.97   71.92   85.62  100.00   65.75   74.48   76.03   75.34   79.45   72.60   75.86   79.45   78.08   76.71   82.19   30.34   25.34   26.90   24.83   27.40   22.76   18.49   19.85   17.52   17.39   19.71   17.86   19.71   21.17   21.17   21.01   19.57   18.98   19.71
    16: sequence_278   12.31   16.67   15.28   15.28   17.65   15.07   18.62   53.42   58.22   63.70   63.70   64.38   65.07   68.49   65.75  100.00   71.72   72.60   69.86   72.60   69.18   67.59   69.86   72.60   82.19   72.60   28.97   23.97   26.90   24.83   26.03   22.07   18.49   19.85   18.25   18.12   19.71   18.57   18.98   19.71   20.44   20.29   20.29   18.98   19.71
    17: sequence_15    13.18   18.18   16.78   15.38   16.83   18.62   18.75   62.76   64.14   73.79   71.03   71.72   75.86   73.79   74.48   71.72  100.00   82.07   81.38   79.31   83.45   80.00   82.07   80.69   84.14   84.83   28.28   22.76   25.52   23.45   25.52   20.83   20.00   17.04   15.44   13.87   16.18   15.11   16.91   16.91   18.38   18.25   15.33   15.44   16.18
    18: sequence_245   13.08   18.75   18.06   16.67   18.63   17.12   19.31   58.90   66.44   69.18   71.92   73.97   76.71   78.77   76.03   72.60   82.07  100.00   82.19   81.51   83.56   85.52   81.51   82.19   84.93   86.30   33.79   27.40   28.97   26.90   29.45   19.31   19.18   19.85   17.52   16.67   18.98   17.14   17.52   18.98   18.98   18.84   18.84   18.25   18.98
    19: sequence_214   10.77   18.06   17.36   15.97   17.65   19.86   22.07   63.70   68.49   72.60   73.97   69.18   75.34   76.03   75.34   69.86   81.38   82.19  100.00   80.14   82.19   75.86   80.14   79.45   83.56   86.30   29.66   24.66   25.52   24.14   26.03   21.38   18.49   19.12   17.52   16.67   18.98   18.57   17.52   18.98   18.25   18.84   18.12   17.52   18.25
    20: sequence_35    10.77   20.83   19.44   18.75   19.61   17.12   22.76   61.64   65.07   71.92   72.60   73.97   73.29   80.14   79.45   72.60   79.31   81.51   80.14  100.00   79.45   79.31   81.51   80.82   84.25   86.99   28.97   25.34   28.28   25.52   27.40   20.69   23.29   20.59   18.25   18.12   21.17   18.57   18.25   20.44   19.71   19.57   20.29   19.71   19.71
    21: sequence_289   13.08   17.36   16.67   15.28   16.67   19.18   18.62   59.59   65.07   69.18   70.55   70.55   79.45   74.66   72.60   69.18   83.45   83.56   82.19   79.45  100.00   78.62   80.14   82.19   84.25   86.99   33.10   25.34   27.59   25.52   27.40   21.38   21.23   19.12   17.52   15.94   16.79   16.43   16.79   17.52   18.25   16.67   17.39   17.52   17.52
    22: sequence_267   15.50   18.18   18.18   17.48   19.80   18.62   21.53   64.14   67.59   71.03   73.79   76.55   75.86   77.93   75.86   67.59   80.00   85.52   75.86   79.31   78.62  100.00   85.52   87.59   83.45   83.45   31.72   25.52   28.28   24.83   28.28   18.75   20.00   20.74   18.38   17.52   19.85   17.99   19.85   20.59   22.06   21.90   19.71   20.59   19.85
    23: sequence_108   13.85   18.75   17.36   16.67   19.61   19.18   20.69   65.07   70.55   75.34   77.40   74.66   77.40   78.08   79.45   69.86   82.07   81.51   80.14   81.51   80.14   85.52  100.00   87.67   85.62   86.30   30.34   23.29   27.59   24.14   25.34   20.69   18.49   22.06   18.98   18.84   22.63   20.00   20.44   21.90   21.90   21.74   21.01   20.44   21.90
    24: sequence_132   11.54   18.06   17.36   16.67   18.63   19.86   17.93   65.07   69.18   71.23   76.03   73.97   78.08   76.71   78.08   72.60   80.69   82.19   79.45   80.82   82.19   87.59   87.67  100.00   88.36   86.30   32.41   26.71   28.28   26.21   28.08   21.38   21.23   22.79   19.71   20.29   22.63   20.71   21.90   23.36   24.09   23.91   22.46   23.36   22.63
    25: sequence_26    11.45   17.93   17.24   16.55   17.48   19.05   21.23   62.33   67.81   72.79   75.34   74.66   79.45   80.14   76.71   82.19   84.14   84.93   83.56   84.25   84.25   83.45   85.62   88.36  100.00   89.04   31.03   24.66   27.59   25.52   27.21   22.60   20.41   20.44   18.84   18.71   20.29   19.15   19.57   20.29   21.01   20.86   20.86   19.57   20.29
    26: sequence_173   10.77   20.14   19.44   18.06   20.59   18.49   22.07   63.70   69.86   75.34   76.71   75.34   78.77   80.14   82.19   72.60   84.83   86.30   86.30   86.99   86.99   83.45   86.30   86.30   89.04  100.00   30.34   24.66   28.28   25.52   26.71   22.07   20.55   22.79   20.44   18.84   21.17   19.29   20.44   22.63   21.90   21.74   21.01   20.44   21.17
    27: sequence_274    8.40   13.25   14.57   13.91   16.50    8.50   16.45   27.59   28.28   26.21   27.59   31.03   31.03   29.66   30.34   28.97   28.28   33.79   29.66   28.97   33.10   31.72   30.34   32.41   31.03   30.34  100.00   64.71   68.63   64.71   69.28    9.21   10.53   13.99   12.50   13.19   11.89   10.96   12.59   13.29   13.29   13.19   13.19   12.59   11.81
    28: sequence_180    7.58   12.42   15.53   14.91   19.23    7.98   16.67   22.60   24.66   21.92   22.60   23.29   25.34   26.71   25.34   23.97   22.76   27.40   24.66   25.34   25.34   25.52   23.29   26.71   24.66   24.66   64.71  100.00   83.01   81.05   88.96    9.88   11.11   14.97   14.19   13.51   12.93   12.67   12.93   12.93   13.61   12.84   12.84   12.24   13.51
    29: sequence_20    10.69   13.91   17.22   16.56   19.42   10.46   19.74   24.83   28.28   24.14   24.83   27.59   29.66   28.97   26.90   26.90   25.52   28.97   25.52   28.28   27.59   28.28   27.59   28.28   27.59   28.28   68.63   83.01  100.00   83.01   88.89   11.18   10.53   13.99   13.19   13.19   13.29   11.64   12.59   12.59   13.99   13.89   11.81   11.89   12.50
    30: sequence_211    9.92   11.92   15.23   14.57   16.50    9.80   20.39   20.69   24.83   21.38   22.07   24.83   26.21   26.21   24.83   24.83   23.45   26.90   24.14   25.52   25.52   24.83   24.14   26.21   25.52   25.52   64.71   81.05   83.01  100.00   88.89   11.84   11.84   13.29   13.89   13.19   12.59   11.64   12.59   11.89   13.29   13.19   12.50   12.59   13.89
    31: sequence_17    10.37   12.26   16.13   15.48   18.69    9.55   18.59   24.66   26.71   22.45   23.29   26.03   28.77   28.77   27.40   26.03   25.52   29.45   26.03   27.40   27.40   28.28   25.34   28.08   27.21   26.71   69.28   88.96   88.89   88.89  100.00   11.54   11.54   12.93   12.84   12.16   12.24   10.67   11.56   11.56   12.24   12.16   11.49   10.88   12.16
    32: sequence_332   13.70    6.62    6.93    6.56    4.95   10.95    8.16   24.83   21.38   23.29   22.76   20.00   22.07   21.38   22.76   22.07   20.83   19.31   21.38   20.69   21.38   18.75   20.69   21.38   22.60   22.07    9.21    9.88   11.18   11.84   11.54  100.00    7.21   16.90   16.36   14.02   15.02   14.68   16.43   14.55   15.52   14.17   11.57   14.66   13.82
    33: sequence_276    9.66   11.20    9.88    8.77   13.61    9.93    8.54   15.07   15.07   20.41   17.12   17.12   18.49   19.86   18.49   18.49   20.00   19.18   18.49   23.29   21.23   20.00   18.49   21.23   20.41   20.55   10.53   11.11   10.53   11.84   11.54    7.21  100.00   20.47   19.91   19.82   19.44   18.55   19.91   20.37   19.57   19.01   17.96   19.15   20.09
    34: sequence_230    4.62   14.37   14.94   15.52   16.00   15.05   16.39   18.38   18.38   18.98   18.38   22.79   20.59   22.06   19.85   19.85   17.04   19.85   19.12   20.59   19.12   20.74   22.06   22.79   20.44   22.79   13.99   14.97   13.99   13.29   12.93   16.90   20.47  100.00   89.30   81.40   84.58   83.72   82.24   84.65   84.11   84.65   82.79   86.45   85.12
    35: sequence_72     4.55   12.57   13.14   13.71   13.49   14.01   13.04   17.52   16.79   18.84   16.06   18.98   17.52   19.71   17.52   18.25   15.44   17.52   17.52   18.25   17.52   18.38   18.98   19.71   18.84   20.44   12.50   14.19   13.19   13.89   12.84   16.36   19.91   89.30  100.00   79.63   83.26   82.41   79.63   86.98   83.80   84.72   83.33   85.19   85.71
    36: sequence_345    4.58   13.14   12.57   13.14   12.70   14.49   15.22   15.22   15.94   18.71   17.39   20.29   17.39   21.01   17.39   18.12   13.87   16.67   16.67   18.12   15.94   17.52   18.84   20.29   18.71   18.84   13.19   13.51   13.19   13.19   12.16   14.02   19.82   81.40   79.63  100.00   86.11   88.48   83.80   85.19   84.26   83.87   85.25   83.80   83.80
    37: sequence_92     3.85   13.79   12.64   13.22   12.80   14.56   14.21   15.33   16.79   20.29   16.79   21.17   19.71   21.17   19.71   19.71   16.18   18.98   18.98   21.17   16.79   19.85   22.63   22.63   20.29   21.17   11.89   12.93   13.29   12.59   12.24   15.02   19.44   84.58   83.26   86.11  100.00   88.89   81.86   87.91   85.58   86.11   85.19   86.05   86.51
    38: sequence_349    4.51   13.71   13.14   13.71   13.49   12.92   14.36   15.00   16.43   17.73   17.14   20.00   18.57   20.71   17.86   18.57   15.11   17.14   18.57   18.57   16.43   17.99   20.00   20.71   19.15   19.29   10.96   12.67   11.64   11.64   10.67   14.68   18.55   83.72   82.41   88.48   88.89  100.00   81.94   87.50   87.50   87.10   86.18   86.11   87.04
    39: sequence_44     4.58   11.49   12.07   12.64   12.00   16.02   13.66   16.79   16.06   20.29   18.25   21.17   19.71   21.17   19.71   18.98   16.91   17.52   17.52   18.25   16.79   19.85   20.44   21.90   19.57   20.44   12.59   12.93   12.59   12.59   11.56   16.43   19.91   82.24   79.63   83.80   81.86   81.94  100.00   84.65   86.57   88.89   85.19   83.33   84.72
    40: sequence_185    3.85   13.22   12.64   13.22   12.00   14.56   14.21   16.06   16.79   19.57   18.25   23.36   19.71   21.17   21.17   19.71   16.91   18.98   18.98   20.44   17.52   20.59   21.90   23.36   20.29   22.63   13.29   12.93   12.59   11.89   11.56   14.55   20.37   84.65   86.98   85.19   87.91   87.50   84.65  100.00   89.30   89.35   87.04   86.51   87.44
    41: sequence_312    5.34   11.40   12.44   12.95   12.86   15.05   14.36   16.79   16.06   19.57   18.25   23.36   21.17   21.90   21.17   20.44   18.38   18.98   18.25   19.71   18.25   22.06   21.90   24.09   21.01   21.90   13.29   13.61   13.99   13.29   12.24   15.52   19.57   84.11   83.80   84.26   85.58   87.50   86.57   89.30  100.00   87.66   82.55   82.98   89.35
    42: sequence_115    4.58   12.44   12.44   12.94   12.68   15.46   14.76   18.84   17.39   20.86   18.84   23.19   19.57   21.74   21.01   20.29   18.25   18.84   18.84   19.57   16.67   21.90   21.74   23.91   20.86   21.74   13.19   12.84   13.89   13.19   12.16   14.17   19.01   84.65   84.72   83.87   86.11   87.10   88.89   89.35   87.66  100.00   81.40   81.70   90.74
    43: sequence_120    5.34   11.33   12.32   12.81   12.06   15.46   13.88   18.12   17.39   19.42   18.84   21.01   19.57   22.46   19.57   20.29   15.33   18.84   18.12   20.29   17.39   19.71   21.01   22.46   20.86   21.01   13.19   12.84   11.81   12.50   11.49   11.57   17.96   82.79   83.33   85.25   85.19   86.18   85.19   87.04   82.55   81.40  100.00   82.55   91.20
    44: sequence_287    3.82   11.92   12.44   12.95   12.86   13.59   13.37   16.06   16.06   18.84   18.25   20.44   18.98   20.44   18.98   18.98   15.44   18.25   17.52   19.71   17.52   20.59   20.44   23.36   19.57   20.44   12.59   12.24   11.89   12.59   10.88   14.66   19.15   86.45   85.19   83.80   86.05   86.11   83.33   86.51   82.98   81.70   82.55  100.00   91.20
    45: sequence_54     3.79   13.71   14.29   14.86   15.08   14.98   13.59   16.06   16.06   18.84   17.52   21.17   19.71   21.17   19.71   19.71   16.18   18.98   18.25   19.71   17.52   19.85   21.90   22.63   20.29   21.17   11.81   13.51   12.50   13.89   12.16   13.82   20.09   85.12   85.71   83.80   86.51   87.04   84.72   87.44   89.35   90.74   91.20   91.20  100.00
